# Camera parameter file. 

# The format of each camera is as follows:
# Filename (of the undistorted image in visualize folder)
# Original filename
# Focal Length (of the undistorted image)
# 2-vec Principal Point (image center)
# 3-vec Translation T (as in P = K[R T])
# 3-vec Camera Position C (as in P = K[R -RC])
# 3-vec Axis Angle format of R
# 4-vec Quaternion format of R
# 3x3 Matrix format of R
# [Normalized radial distortion] = [radial distortion] * [focal length]^2
# 3-vec Lat/Lng/Alt from EXIF

# The nubmer of cameras in this reconstruction
17

00000000.jpg
C:\Users\Dion\MATLAB Drive\IntroductionToBiometrics\RomanEmperors\Caesar\IMG_4395.JPG
7153.13720703
2592 1728
-0.214575167258 -0.143759258858 0.138303431566
-0.117277875683 0.226059970999 -0.144844545377
0.0567717778373 0.108344798388 -1.51704252303
0.724158263002 0.0257244407466 0.0490932194218 -0.687402649353
0.0501340169555 0.99810235571 0.0357363220401
-0.993050878444 0.0536308583331 -0.104750724787
-0.106468719967 -0.0302364594762 0.993855884208
0.0691633272489
0 0 0

00000001.jpg
C:\Users\Dion\MATLAB Drive\IntroductionToBiometrics\RomanEmperors\Caesar\IMG_4409.JPG
8108.38916016
2592 1728
-0.0349659727201 -0.968625177873 0.0819955869385
-0.885744390686 0 0.402042824196
-0.314307230804 -0.494569419771 -1.58755658929
0.662887834402 -0.139061679545 -0.218816646339 -0.702396458123
-0.0824832600992 0.99207862158 -0.0947488922714
-0.870361646488 -0.0253980659563 0.491756648122
0.48545467902 0.123027465715 0.86556245005
-0.0483577224607
0 0 0

00000002.jpg
C:\Users\Dion\MATLAB Drive\IntroductionToBiometrics\RomanEmperors\Caesar\IMG_4400.JPG
6598.09960938
2592 1728
-0.0420657867653 -0.841684166356 -0.168254775706
-0.717656039918 0.0461314766749 0.470481469013
-0.214549004044 -0.399076846617 -1.58981185798
0.677411382917 -0.0954700713448 -0.177581318489 -0.707434892009
-0.0639988550583 0.992356292073 -0.105513697192
-0.924541502006 -0.0191574965124 0.380599765738
0.375668728959 0.121909713511 0.918701078394
0.0295055116402
0 0 0

00000003.jpg
C:\Users\Dion\MATLAB Drive\IntroductionToBiometrics\RomanEmperors\Caesar\IMG_4401.JPG
6666.78759766
2592 1728
-0.0887875961009 -1.15457813864 0.253426390539
-1.07470240144 0.0264041382421 0.499477646305
-0.445294583639 -0.589425938967 -1.57134435294
0.646228824509 -0.195714050122 -0.259062072616 -0.690630829005
-0.0881684839894 0.994015618302 -0.0644941999158
-0.79120657689 -0.0305502017069 0.610784455384
0.60515931473 0.104880213183 0.789165460202
0.0366378378005
0 0 0

00000004.jpg
C:\Users\Dion\MATLAB Drive\IntroductionToBiometrics\RomanEmperors\Caesar\IMG_4410.JPG
8192.12304688
2592 1728
-0.106551559375 -1.24054248129 0.383300067208
-1.17170100756 -0.0100504040538 0.569414901711
-0.525226759306 -0.670935946776 -1.58540598197
0.621661096804 -0.228573767757 -0.291985041815 -0.689953838607
-0.122583070771 0.991315119394 -0.0476208658777
-0.724354720817 -0.0565644292664 0.687103250256
0.678442099502 0.118721573598 0.724997577156
-0.0415033462474
0 0 0

00000005.jpg
C:\Users\Dion\MATLAB Drive\IntroductionToBiometrics\RomanEmperors\Caesar\IMG_4402.JPG
6614.96972656
2592 1728
-0.086659786661 -1.40552569511 0.615540293832
-1.28649560868 -0.009181395368 0.840682513511
-0.716984509593 -0.845967217259 -1.49793492824
0.596332878856 -0.308814203431 -0.364368670217 -0.645179324611
-0.0980417694757 0.994527754721 -0.0360889708409
-0.544438821374 -0.0232451259442 0.838478388922
0.83305110146 0.101854137069 0.543738505038
0
0 0 0

00000006.jpg
C:\Users\Dion\MATLAB Drive\IntroductionToBiometrics\RomanEmperors\Caesar\IMG_4403.JPG
5474.45800781
2592 1728
-0.0904107609835 -1.44897285122 0.361109854156
-0.987527886869 0.0519534987475 1.12258015751
-0.79450619866 -0.925391485933 -1.44856316477
0.584261200502 -0.340502555179 -0.396596233021 -0.620812600044
-0.0853937298603 0.995517477195 -0.0406550430421
-0.455349382758 -0.00270054776513 0.890308753186
0.886208121836 0.0945390265354 0.453538879272
0
0 0 0

00000007.jpg
C:\Users\Dion\MATLAB Drive\IntroductionToBiometrics\RomanEmperors\Caesar\IMG_4411.JPG
6158.76513672
2592 1728
-0.12802415112 -1.44686781382 0.501473568904
-1.11998674153 -2.77555756156e-017 1.05210365633
-0.748310163604 -0.978457508511 -1.51237921056
0.560941174699 -0.317599338619 -0.415278948068 -0.64188709492
-0.168951315752 0.983906438527 -0.0581683013058
-0.456337165667 -0.0257767690972 0.889433501132
0.873619942522 0.176815316777 0.453348090738
0
0 0 0

00000008.jpg
C:\Users\Dion\MATLAB Drive\IntroductionToBiometrics\RomanEmperors\Caesar\IMG_4396.JPG
6614.96972656
2592 1728
-0.175334749444 0.457103795867 0.0780288836081
0.450077264987 0.148615513298 0.145322205972
0.390659777861 0.367897750144 -1.47827180694
0.706448478599 0.175813948626 0.165570042807 -0.665286825645
0.0599599938706 0.998200767219 0
-0.881762696017 0.05296578386 -0.468710132607
-0.467866819372 0.0281038534873 0.883352033931
0
0 0 0

00000009.jpg
C:\Users\Dion\MATLAB Drive\IntroductionToBiometrics\RomanEmperors\Caesar\IMG_4397.JPG
6614.96972656
2592 1728
-0.168106596601 0.876984104484 0.238838572378
0.78596955317 0.0963488435545 0.476837015899
0.648647784731 0.611447464795 -1.39157661137
0.677600298563 0.288656877253 0.272102240918 -0.619270070065
0.0849299207626 0.996323520384 0.0112399951227
-0.682146817084 0.0663635957122 -0.728197517364
-0.726266243621 0.054178427472 0.685275141977
0
0 0 0

00000010.jpg
C:\Users\Dion\MATLAB Drive\IntroductionToBiometrics\RomanEmperors\Caesar\IMG_4398.JPG
6614.96972656
2592 1728
-0.164448859395 1.16134183572 0.1495497885
0.703727459389 0.0663098801875 0.947889284273
0.857832333581 0.777869562215 -1.29170131127
0.64682056644 0.377120130207 0.341966907871 -0.567857549343
0.121192867317 0.992529098184 0.0140814179673
-0.47667866871 0.0706364064918 -0.876235096942
-0.870683498245 0.0994811280032 0.481678106872
0
0 0 0

00000011.jpg
C:\Users\Dion\MATLAB Drive\IntroductionToBiometrics\RomanEmperors\Caesar\IMG_4405.JPG
7983.58349609
2592 1728
0.00706666732415 0.380243710466 -0.245575337757
0.240860803367 2.77555756156e-017 0.38331258645
0.40646971855 0.269706552101 -1.47621092713
0.712767305445 0.183375707558 0.121676050066 -0.665981279574
0.0833277639516 0.994004238758 -0.0707961607617
-0.904754489715 0.0456845828333 -0.423476355751
-0.417703002133 0.0993404800906 0.903136580058
0
0 0 0

00000012.jpg
C:\Users\Dion\MATLAB Drive\IntroductionToBiometrics\RomanEmperors\Caesar\IMG_4406.JPG
7983.58349609
2592 1728
-0.0519907895136 0.757428319488 -0.133097487997
0.487481717586 0.000233949904173 0.597057084454
0.613463631464 0.486354569344 -1.37005535195
0.704572614958 0.275885177968 0.218722039966 -0.616137526679
0.145070393251 0.988911589402 -0.0317553065267
-0.747542923981 0.0885238009575 -0.658288011826
-0.648177545117 0.119236553249 0.752096084785
0
0 0 0

00000013.jpg
C:\Users\Dion\MATLAB Drive\IntroductionToBiometrics\RomanEmperors\Caesar\IMG_4407.JPG
7983.58349609
2592 1728
-0.0399166717792 1.14550573552 0.145594341087
0.643883291676 -0.0325053531833 0.958818085922
0.925335328143 0.764295763385 -1.27627418828
0.640254727812 0.405727875186 0.335117537028 -0.559602555761
0.149082432179 0.988509422478 -0.0249715434371
-0.444643305609 0.0444597392722 -0.89460365146
-0.883213893256 0.144473109712 0.44616229449
0
0 0 0

00000014.jpg
C:\Users\Dion\MATLAB Drive\IntroductionToBiometrics\RomanEmperors\Caesar\IMG_4399.JPG
5106.26123047
2592 1728
0.0386652329024 -1.24451902234 -0.148976180465
0.342172266519 0.00876704176154 1.20638209002
-0.860666314597 0.993285912596 1.47079659721
0.551836987566 -0.363887587288 0.419958825031 0.621849160437
-0.126123533274 -0.991954333152 0.0109312360594
0.380683136512 -0.0382210776984 0.92391532144
-0.916064015568 0.120688801514 0.382440854355
0
0 0 0

00000015.jpg
C:\Users\Dion\MATLAB Drive\IntroductionToBiometrics\RomanEmperors\Caesar\IMG_4408.JPG
4105.84326172
2592 1728
-0.0201464989339 1.1896815082 -0.260671774931
0.308758387769 0.0038298432984 1.17828319316
0.945790465978 0.723812568348 -1.2389175489
0.652994798068 0.416813597452 0.318987060397 -0.545995861747
0.200271548461 0.978981211762 -0.0385631963366
-0.447148618189 0.0563099120967 -0.892685464748
-0.871750760698 0.196022978853 0.44902736466
0
0 0 0

00000016.jpg
C:\Users\Dion\MATLAB Drive\IntroductionToBiometrics\RomanEmperors\Caesar\IMG_4404.JPG
7983.58447266
2592 1728
0.0432690551035 -0.242568645116 -0.305453102717
-0.250378522214 0.00309927993514 0.302182642003
0.116705642045 -0.079962237574 -1.53566272603
0.717156550545 0.0527398525115 -0.0361353276692 -0.69397352398
0.0341900287915 0.991563772167 -0.125029484398
-0.999186862343 0.0312385703862 -0.0254915435124
-0.021370736622 0.125799379301 0.991825472782
0
0 0 0

